<?xml version="1.0" encoding="utf-8"?>
<COLLADA xmlns="http://www.collada.org/2005/11/COLLADASchema" version="1.4.1">
  <asset><contributor><author></author><authoring_tool>FBX COLLADA exporter</authoring_tool><comments></comments></contributor><created>2016-10-17T22:28:04Z</created><keywords></keywords><modified>2016-10-17T22:28:04Z</modified><revision></revision><subject></subject><title></title><unit meter="0.010000" name="centimeter"></unit><up_axis>Y_UP</up_axis></asset>
  <library_animations>
    <animation id="joint1-anim" name="joint1"><animation><source id="joint1-Matrix-animation-input"><float_array id="joint1-Matrix-animation-input-array" count="61">

0.000000 0.016667 0.033333 0.050000 0.066667 0.083333 0.100000 0.116667 0.133333 0.150000 0.166667 0.183333 0.200000 0.216667 0.233333 0.250000
0.266667 0.283333 0.300000 0.316667 0.333333 0.350000 0.366667 0.383333 0.400000 0.416667 0.433333 0.450000 0.466667 0.483333 0.500000 0.516667
0.533333 0.550000 0.566667 0.583333 0.600000 0.616667 0.633333 0.650000 0.666667 0.683333 0.700000 0.716667 0.733333 0.750000 0.766667 0.783333
0.800000 0.816667 0.833333 0.850000 0.866667 0.883333 0.900000 0.916667 0.933333 0.950000 0.966667 0.983333 1.000000</float_array><technique_common><accessor source="#joint1-Matrix-animation-input-array" count="61"><param name="TIME" type="float"/></accessor></technique_common></source><source id="joint1-Matrix-animation-output-transform"><float_array id="joint1-Matrix-animation-output-transform-array" count="976">

1.000000 0.000000 0.000000 0.000000 0.000000 1.000000 0.000000 0.000000 0.000000 0.000000 1.000000 0.000000 0.000000 0.000000 0.000000 1.000000
0.994522 -0.104528 0.000000 0.000000 0.104528 0.994522 0.000000 0.000000 0.000000 0.000000 1.000000 0.000000 0.000000 0.000000 0.000000 1.000000
0.978148 -0.207912 0.000000 0.000000 0.207912 0.978148 0.000000 0.000000 0.000000 0.000000 1.000000 0.000000 0.000000 0.000000 0.000000 1.000000
0.951057 -0.309017 0.000000 0.000000 0.309017 0.951057 0.000000 0.000000 0.000000 0.000000 1.000000 0.000000 0.000000 0.000000 0.000000 1.000000
0.913545 -0.406737 0.000000 0.000000 0.406737 0.913545 0.000000 0.000000 0.000000 0.000000 1.000000 0.000000 0.000000 0.000000 0.000000 1.000000
0.866025 -0.500000 0.000000 0.000000 0.500000 0.866025 0.000000 0.000000 0.000000 0.000000 1.000000 0.000000 0.000000 0.000000 0.000000 1.000000
0.809017 -0.587785 0.000000 0.000000 0.587785 0.809017 0.000000 0.000000 0.000000 0.000000 1.000000 0.000000 0.000000 0.000000 0.000000 1.000000
0.743145 -0.669131 0.000000 0.000000 0.669131 0.743145 0.000000 0.000000 0.000000 0.000000 1.000000 0.000000 0.000000 0.000000 0.000000 1.000000
0.669131 -0.743145 0.000000 0.000000 0.743145 0.669131 0.000000 0.000000 0.000000 0.000000 1.000000 0.000000 0.000000 0.000000 0.000000 1.000000
0.587785 -0.809017 0.000000 0.000000 0.809017 0.587785 0.000000 0.000000 0.000000 0.000000 1.000000 0.000000 0.000000 0.000000 0.000000 1.000000
0.500000 -0.866025 0.000000 0.000000 0.866025 0.500000 0.000000 0.000000 0.000000 0.000000 1.000000 0.000000 0.000000 0.000000 0.000000 1.000000
0.406737 -0.913545 0.000000 0.000000 0.913545 0.406737 0.000000 0.000000 0.000000 0.000000 1.000000 0.000000 0.000000 0.000000 0.000000 1.000000
0.309017 -0.951057 0.000000 0.000000 0.951057 0.309017 0.000000 0.000000 0.000000 0.000000 1.000000 0.000000 0.000000 0.000000 0.000000 1.000000
0.207912 -0.978148 0.000000 0.000000 0.978148 0.207912 0.000000 0.000000 0.000000 0.000000 1.000000 0.000000 0.000000 0.000000 0.000000 1.000000
0.104528 -0.994522 0.000000 0.000000 0.994522 0.104528 0.000000 0.000000 0.000000 0.000000 1.000000 0.000000 0.000000 0.000000 0.000000 1.000000
0.000000 -1.000000 0.000000 0.000000 1.000000 0.000000 0.000000 0.000000 0.000000 0.000000 1.000000 0.000000 0.000000 0.000000 0.000000 1.000000
-0.104528 -0.994522 0.000000 0.000000 0.994522 -0.104528 0.000000 0.000000 0.000000 0.000000 1.000000 0.000000 0.000000 0.000000 0.000000 1.000000
-0.207912 -0.978148 0.000000 0.000000 0.978148 -0.207912 0.000000 0.000000 0.000000 0.000000 1.000000 0.000000 0.000000 0.000000 0.000000 1.000000
-0.309017 -0.951057 0.000000 0.000000 0.951057 -0.309017 0.000000 0.000000 0.000000 0.000000 1.000000 0.000000 0.000000 0.000000 0.000000 1.000000
-0.406737 -0.913545 0.000000 0.000000 0.913545 -0.406737 0.000000 0.000000 0.000000 0.000000 1.000000 0.000000 0.000000 0.000000 0.000000 1.000000
-0.500000 -0.866025 0.000000 0.000000 0.866025 -0.500000 0.000000 0.000000 0.000000 0.000000 1.000000 0.000000 0.000000 0.000000 0.000000 1.000000
-0.587785 -0.809017 0.000000 0.000000 0.809017 -0.587785 0.000000 0.000000 0.000000 0.000000 1.000000 0.000000 0.000000 0.000000 0.000000 1.000000
-0.669131 -0.743145 0.000000 0.000000 0.743145 -0.669131 0.000000 0.000000 0.000000 0.000000 1.000000 0.000000 0.000000 0.000000 0.000000 1.000000
-0.743145 -0.669131 0.000000 0.000000 0.669131 -0.743145 0.000000 0.000000 0.000000 0.000000 1.000000 0.000000 0.000000 0.000000 0.000000 1.000000
-0.809017 -0.587785 0.000000 0.000000 0.587785 -0.809017 0.000000 0.000000 0.000000 0.000000 1.000000 0.000000 0.000000 0.000000 0.000000 1.000000
-0.866025 -0.500000 0.000000 0.000000 0.500000 -0.866025 0.000000 0.000000 0.000000 0.000000 1.000000 0.000000 0.000000 0.000000 0.000000 1.000000
-0.913545 -0.406737 0.000000 0.000000 0.406737 -0.913545 0.000000 0.000000 0.000000 0.000000 1.000000 0.000000 0.000000 0.000000 0.000000 1.000000
-0.951057 -0.309017 0.000000 0.000000 0.309017 -0.951057 0.000000 0.000000 0.000000 0.000000 1.000000 0.000000 0.000000 0.000000 0.000000 1.000000
-0.978148 -0.207912 0.000000 0.000000 0.207912 -0.978148 0.000000 0.000000 0.000000 0.000000 1.000000 0.000000 0.000000 0.000000 0.000000 1.000000
-0.994522 -0.104528 0.000000 0.000000 0.104528 -0.994522 0.000000 0.000000 0.000000 0.000000 1.000000 0.000000 0.000000 0.000000 0.000000 1.000000
-1.000000 -0.000000 0.000000 0.000000 0.000000 -1.000000 0.000000 0.000000 0.000000 0.000000 1.000000 0.000000 0.000000 0.000000 0.000000 1.000000
-0.994522 0.104528 0.000000 0.000000 -0.104528 -0.994522 0.000000 0.000000 0.000000 0.000000 1.000000 0.000000 0.000000 0.000000 0.000000 1.000000
-0.978148 0.207912 0.000000 0.000000 -0.207912 -0.978148 0.000000 0.000000 0.000000 0.000000 1.000000 0.000000 0.000000 0.000000 0.000000 1.000000
-0.951057 0.309017 0.000000 0.000000 -0.309017 -0.951057 0.000000 0.000000 0.000000 0.000000 1.000000 0.000000 0.000000 0.000000 0.000000 1.000000
-0.913545 0.406737 0.000000 0.000000 -0.406737 -0.913545 0.000000 0.000000 0.000000 0.000000 1.000000 0.000000 0.000000 0.000000 0.000000 1.000000
-0.866025 0.500000 0.000000 0.000000 -0.500000 -0.866025 0.000000 0.000000 0.000000 0.000000 1.000000 0.000000 0.000000 0.000000 0.000000 1.000000
-0.809017 0.587785 0.000000 0.000000 -0.587785 -0.809017 0.000000 0.000000 0.000000 0.000000 1.000000 0.000000 0.000000 0.000000 0.000000 1.000000
-0.743145 0.669131 0.000000 0.000000 -0.669131 -0.743145 0.000000 0.000000 0.000000 0.000000 1.000000 0.000000 0.000000 0.000000 0.000000 1.000000
-0.669131 0.743145 0.000000 0.000000 -0.743145 -0.669131 0.000000 0.000000 0.000000 0.000000 1.000000 0.000000 0.000000 0.000000 0.000000 1.000000
-0.587785 0.809017 0.000000 0.000000 -0.809017 -0.587785 0.000000 0.000000 0.000000 0.000000 1.000000 0.000000 0.000000 0.000000 0.000000 1.000000
-0.500000 0.866025 0.000000 0.000000 -0.866025 -0.500000 0.000000 0.000000 0.000000 0.000000 1.000000 0.000000 0.000000 0.000000 0.000000 1.000000
-0.406737 0.913545 0.000000 0.000000 -0.913545 -0.406737 0.000000 0.000000 0.000000 0.000000 1.000000 0.000000 0.000000 0.000000 0.000000 1.000000
-0.309017 0.951057 0.000000 0.000000 -0.951057 -0.309017 0.000000 0.000000 0.000000 0.000000 1.000000 0.000000 0.000000 0.000000 0.000000 1.000000
-0.207912 0.978148 0.000000 0.000000 -0.978148 -0.207912 0.000000 0.000000 0.000000 0.000000 1.000000 0.000000 0.000000 0.000000 0.000000 1.000000
-0.104528 0.994522 0.000000 0.000000 -0.994522 -0.104528 0.000000 0.000000 0.000000 0.000000 1.000000 0.000000 0.000000 0.000000 0.000000 1.000000
-0.000000 1.000000 0.000000 0.000000 -1.000000 -0.000000 0.000000 0.000000 0.000000 0.000000 1.000000 0.000000 0.000000 0.000000 0.000000 1.000000
0.104528 0.994522 0.000000 0.000000 -0.994522 0.104528 0.000000 0.000000 0.000000 0.000000 1.000000 0.000000 0.000000 0.000000 0.000000 1.000000
0.207912 0.978148 0.000000 0.000000 -0.978148 0.207912 0.000000 0.000000 0.000000 0.000000 1.000000 0.000000 0.000000 0.000000 0.000000 1.000000
0.309017 0.951057 0.000000 0.000000 -0.951057 0.309017 0.000000 0.000000 0.000000 0.000000 1.000000 0.000000 0.000000 0.000000 0.000000 1.000000
0.406737 0.913545 0.000000 0.000000 -0.913545 0.406737 0.000000 0.000000 0.000000 0.000000 1.000000 0.000000 0.000000 0.000000 0.000000 1.000000
0.500000 0.866025 0.000000 0.000000 -0.866025 0.500000 0.000000 0.000000 0.000000 0.000000 1.000000 0.000000 0.000000 0.000000 0.000000 1.000000
0.587785 0.809017 0.000000 0.000000 -0.809017 0.587785 0.000000 0.000000 0.000000 0.000000 1.000000 0.000000 0.000000 0.000000 0.000000 1.000000
0.669131 0.743145 0.000000 0.000000 -0.743145 0.669131 0.000000 0.000000 0.000000 0.000000 1.000000 0.000000 0.000000 0.000000 0.000000 1.000000
0.743145 0.669131 0.000000 0.000000 -0.669131 0.743145 0.000000 0.000000 0.000000 0.000000 1.000000 0.000000 0.000000 0.000000 0.000000 1.000000
0.809017 0.587785 0.000000 0.000000 -0.587785 0.809017 0.000000 0.000000 0.000000 0.000000 1.000000 0.000000 0.000000 0.000000 0.000000 1.000000
0.866025 0.500000 0.000000 0.000000 -0.500000 0.866025 0.000000 0.000000 0.000000 0.000000 1.000000 0.000000 0.000000 0.000000 0.000000 1.000000
0.913545 0.406737 0.000000 0.000000 -0.406737 0.913545 0.000000 0.000000 0.000000 0.000000 1.000000 0.000000 0.000000 0.000000 0.000000 1.000000
0.951057 0.309017 0.000000 0.000000 -0.309017 0.951057 0.000000 0.000000 0.000000 0.000000 1.000000 0.000000 0.000000 0.000000 0.000000 1.000000
0.978148 0.207912 0.000000 0.000000 -0.207912 0.978148 0.000000 0.000000 0.000000 0.000000 1.000000 0.000000 0.000000 0.000000 0.000000 1.000000
0.994522 0.104528 0.000000 0.000000 -0.104528 0.994522 0.000000 0.000000 0.000000 0.000000 1.000000 0.000000 0.000000 0.000000 0.000000 1.000000
1.000000 0.000000 0.000000 0.000000 -0.000000 1.000000 0.000000 0.000000 0.000000 0.000000 1.000000 0.000000 0.000000 0.000000 0.000000 1.000000</float_array><technique_common><accessor source="#joint1-Matrix-animation-output-transform-array" count="61" stride="16"><param type="float4x4"/></accessor></technique_common></source><source id="joint1-Interpolations"><Name_array id="joint1-Interpolations-array" count="61">
 LINEAR LINEAR LINEAR LINEAR LINEAR LINEAR LINEAR LINEAR LINEAR LINEAR LINEAR
LINEAR LINEAR LINEAR LINEAR LINEAR LINEAR LINEAR LINEAR LINEAR LINEAR LINEAR LINEAR
LINEAR LINEAR LINEAR LINEAR LINEAR LINEAR LINEAR LINEAR LINEAR LINEAR LINEAR LINEAR
LINEAR LINEAR LINEAR LINEAR LINEAR LINEAR LINEAR LINEAR LINEAR LINEAR LINEAR LINEAR
LINEAR LINEAR LINEAR LINEAR LINEAR LINEAR LINEAR LINEAR LINEAR LINEAR LINEAR LINEAR
LINEAR LINEAR</Name_array><technique_common><accessor source="#joint1-Interpolations-array" count="61"><param type="name"/></accessor></technique_common></source><sampler id="joint1-Matrix-animation-transform"><input semantic="INPUT" source="#joint1-Matrix-animation-input"/><input semantic="OUTPUT" source="#joint1-Matrix-animation-output-transform"/><input semantic="INTERPOLATION" source="#joint1-Interpolations"/></sampler><channel source="#joint1-Matrix-animation-transform" target="joint1/matrix"/></animation><animation><source id="joint1-visibility-animation-input"><float_array id="joint1-visibility-animation-input-array" count="5">

0.000000 0.250000 0.500000 0.750000 1.000000</float_array><technique_common><accessor source="#joint1-visibility-animation-input-array" count="5"><param name="TIME" type="float"/></accessor></technique_common></source><source id="joint1-visibility-animation-output"><float_array id="joint1-visibility-animation-output-array" count="5">

1.000000 1.000000 1.000000 1.000000 1.000000</float_array><technique_common><accessor source="#joint1-visibility-animation-output-array" count="5"><param type="float"/></accessor></technique_common></source><source id="joint1-visibility-animation-intan"><float_array id="joint1-visibility-animation-intan-array" count="5">

0.000000 0.000000 0.000000 0.000000 0.000000</float_array><technique_common><accessor source="#joint1-visibility-animation-intan-array" count="5"><param type="float"/></accessor></technique_common></source><source id="joint1-visibility-animation-outtan"><float_array id="joint1-visibility-animation-outtan-array" count="5">

0.000000 0.000000 0.000000 0.000000 0.000000</float_array><technique_common><accessor source="#joint1-visibility-animation-outtan-array" count="5"><param type="float"/></accessor></technique_common></source><source id="joint1-visibility-animation-interpolation"><Name_array id="joint1-visibility-animation-interpolation-array" count="5">
 STEP STEP STEP STEP STEP</Name_array><technique_common><accessor source="#joint1-visibility-animation-interpolation-array" count="5"><param type="name"/></accessor></technique_common></source><sampler id="joint1-visibility-animation"><input semantic="INPUT" source="#joint1-visibility-animation-input"/><input semantic="OUTPUT" source="#joint1-visibility-animation-output"/><input semantic="IN_TANGENT" source="#joint1-visibility-animation-intan"/><input semantic="OUT_TANGENT" source="#joint1-visibility-animation-outtan"/><input semantic="INTERPOLATION" source="#joint1-visibility-animation-interpolation"/></sampler><channel source="#joint1-visibility-animation" target="joint1/visibility"/></animation></animation>
    <animation id="joint2-anim" name="joint2"><animation><source id="joint2-Matrix-animation-input"><float_array id="joint2-Matrix-animation-input-array" count="61">

0.000000 0.016667 0.033333 0.050000 0.066667 0.083333 0.100000 0.116667 0.133333 0.150000 0.166667 0.183333 0.200000 0.216667 0.233333 0.250000
0.266667 0.283333 0.300000 0.316667 0.333333 0.350000 0.366667 0.383333 0.400000 0.416667 0.433333 0.450000 0.466667 0.483333 0.500000 0.516667
0.533333 0.550000 0.566667 0.583333 0.600000 0.616667 0.633333 0.650000 0.666667 0.683333 0.700000 0.716667 0.733333 0.750000 0.766667 0.783333
0.800000 0.816667 0.833333 0.850000 0.866667 0.883333 0.900000 0.916667 0.933333 0.950000 0.966667 0.983333 1.000000</float_array><technique_common><accessor source="#joint2-Matrix-animation-input-array" count="61"><param name="TIME" type="float"/></accessor></technique_common></source><source id="joint2-Matrix-animation-output-transform"><float_array id="joint2-Matrix-animation-output-transform-array" count="976">

1.000000 0.000000 0.000000 0.000000 0.000000 1.000000 0.000000 10.000000 0.000000 0.000000 1.000000 0.000000 0.000000 0.000000 0.000000 1.000000
0.978148 0.207912 0.000000 0.000000 -0.207912 0.978148 0.000000 10.000000 0.000000 0.000000 1.000000 0.000000 0.000000 0.000000 0.000000 1.000000
0.913545 0.406737 0.000000 0.000000 -0.406737 0.913545 0.000000 10.000000 0.000000 0.000000 1.000000 0.000000 0.000000 0.000000 0.000000 1.000000
0.809017 0.587785 0.000000 0.000000 -0.587785 0.809017 0.000000 10.000000 0.000000 0.000000 1.000000 0.000000 0.000000 0.000000 0.000000 1.000000
0.669131 0.743145 0.000000 0.000000 -0.743145 0.669131 0.000000 10.000000 0.000000 0.000000 1.000000 0.000000 0.000000 0.000000 0.000000 1.000000
0.500000 0.866025 0.000000 0.000000 -0.866025 0.500000 0.000000 10.000000 0.000000 0.000000 1.000000 0.000000 0.000000 0.000000 0.000000 1.000000
0.309017 0.951057 0.000000 0.000000 -0.951057 0.309017 0.000000 10.000000 0.000000 0.000000 1.000000 0.000000 0.000000 0.000000 0.000000 1.000000
0.104528 0.994522 0.000000 0.000000 -0.994522 0.104528 0.000000 10.000000 0.000000 0.000000 1.000000 0.000000 0.000000 0.000000 0.000000 1.000000
-0.104528 0.994522 0.000000 0.000000 -0.994522 -0.104528 0.000000 10.000000 0.000000 0.000000 1.000000 0.000000 0.000000 0.000000 0.000000 1.000000
-0.309017 0.951057 0.000000 0.000000 -0.951057 -0.309017 0.000000 10.000000 0.000000 0.000000 1.000000 0.000000 0.000000 0.000000 0.000000 1.000000
-0.500000 0.866025 0.000000 0.000000 -0.866025 -0.500000 0.000000 10.000000 0.000000 0.000000 1.000000 0.000000 0.000000 0.000000 0.000000 1.000000
-0.669131 0.743145 0.000000 -0.000000 -0.743145 -0.669131 0.000000 10.000000 0.000000 0.000000 1.000000 0.000000 0.000000 0.000000 0.000000 1.000000
-0.809017 0.587785 0.000000 -0.000000 -0.587785 -0.809017 0.000000 10.000000 0.000000 0.000000 1.000000 0.000000 0.000000 0.000000 0.000000 1.000000
-0.913545 0.406737 0.000000 0.000000 -0.406737 -0.913545 0.000000 10.000000 0.000000 0.000000 1.000000 0.000000 0.000000 0.000000 0.000000 1.000000
-0.978148 0.207912 0.000000 0.000000 -0.207912 -0.978148 0.000000 10.000000 0.000000 0.000000 1.000000 0.000000 0.000000 0.000000 0.000000 1.000000
-1.000000 0.000000 0.000000 0.000000 -0.000000 -1.000000 0.000000 10.000000 0.000000 0.000000 1.000000 0.000000 0.000000 0.000000 0.000000 1.000000
-0.978148 -0.207912 0.000000 0.000000 0.207912 -0.978148 0.000000 10.000000 0.000000 0.000000 1.000000 0.000000 0.000000 0.000000 0.000000 1.000000
-0.913545 -0.406737 0.000000 0.000000 0.406737 -0.913545 0.000000 10.000000 0.000000 0.000000 1.000000 0.000000 0.000000 0.000000 0.000000 1.000000
-0.809017 -0.587785 0.000000 -0.000000 0.587785 -0.809017 0.000000 10.000000 0.000000 0.000000 1.000000 0.000000 0.000000 0.000000 0.000000 1.000000
-0.669131 -0.743145 0.000000 0.000000 0.743145 -0.669131 0.000000 10.000000 0.000000 0.000000 1.000000 0.000000 0.000000 0.000000 0.000000 1.000000
-0.500000 -0.866025 0.000000 0.000000 0.866025 -0.500000 0.000000 10.000000 0.000000 0.000000 1.000000 0.000000 0.000000 0.000000 0.000000 1.000000
-0.309017 -0.951057 0.000000 -0.000000 0.951057 -0.309017 0.000000 10.000000 0.000000 0.000000 1.000000 0.000000 0.000000 0.000000 0.000000 1.000000
-0.104528 -0.994522 0.000000 0.000000 0.994522 -0.104528 0.000000 10.000000 0.000000 0.000000 1.000000 0.000000 0.000000 0.000000 0.000000 1.000000
0.104528 -0.994522 0.000000 0.000000 0.994522 0.104528 0.000000 10.000000 0.000000 0.000000 1.000000 0.000000 0.000000 0.000000 0.000000 1.000000
0.309017 -0.951057 0.000000 0.000000 0.951057 0.309017 0.000000 10.000000 0.000000 0.000000 1.000000 0.000000 0.000000 0.000000 0.000000 1.000000
0.500000 -0.866025 0.000000 0.000000 0.866025 0.500000 0.000000 10.000000 0.000000 0.000000 1.000000 0.000000 0.000000 0.000000 0.000000 1.000000
0.669131 -0.743145 0.000000 0.000000 0.743145 0.669131 0.000000 10.000000 0.000000 0.000000 1.000000 0.000000 0.000000 0.000000 0.000000 1.000000
0.809017 -0.587785 0.000000 0.000000 0.587785 0.809017 0.000000 10.000000 0.000000 0.000000 1.000000 0.000000 0.000000 0.000000 0.000000 1.000000
0.913545 -0.406737 0.000000 0.000000 0.406737 0.913545 0.000000 10.000000 0.000000 0.000000 1.000000 0.000000 0.000000 0.000000 0.000000 1.000000
0.978148 -0.207912 0.000000 0.000000 0.207912 0.978148 0.000000 10.000000 0.000000 0.000000 1.000000 0.000000 0.000000 0.000000 0.000000 1.000000
1.000000 -0.000000 0.000000 0.000000 0.000000 1.000000 0.000000 10.000000 0.000000 0.000000 1.000000 0.000000 0.000000 0.000000 0.000000 1.000000
0.978148 0.207912 0.000000 0.000000 -0.207912 0.978148 0.000000 10.000000 0.000000 0.000000 1.000000 0.000000 0.000000 0.000000 0.000000 1.000000
0.913545 0.406737 0.000000 -0.000000 -0.406737 0.913545 0.000000 10.000000 0.000000 0.000000 1.000000 0.000000 0.000000 0.000000 0.000000 1.000000
0.809017 0.587785 0.000000 0.000000 -0.587785 0.809017 0.000000 10.000000 0.000000 0.000000 1.000000 0.000000 0.000000 0.000000 0.000000 1.000000
0.669131 0.743145 0.000000 0.000000 -0.743145 0.669131 0.000000 10.000000 0.000000 0.000000 1.000000 0.000000 0.000000 0.000000 0.000000 1.000000
0.500000 0.866025 0.000000 0.000000 -0.866025 0.500000 0.000000 10.000000 0.000000 0.000000 1.000000 0.000000 0.000000 0.000000 0.000000 1.000000
0.309017 0.951057 0.000000 -0.000000 -0.951057 0.309017 0.000000 10.000000 0.000000 0.000000 1.000000 0.000000 0.000000 0.000000 0.000000 1.000000
0.104528 0.994522 0.000000 0.000000 -0.994522 0.104528 0.000000 10.000000 0.000000 0.000000 1.000000 0.000000 0.000000 0.000000 0.000000 1.000000
-0.104528 0.994522 0.000000 0.000000 -0.994522 -0.104528 0.000000 10.000000 0.000000 0.000000 1.000000 0.000000 0.000000 0.000000 0.000000 1.000000
-0.309017 0.951057 0.000000 0.000000 -0.951057 -0.309017 0.000000 10.000000 0.000000 0.000000 1.000000 0.000000 0.000000 0.000000 0.000000 1.000000
-0.500000 0.866025 0.000000 0.000000 -0.866025 -0.500000 0.000000 10.000000 0.000000 0.000000 1.000000 0.000000 0.000000 0.000000 0.000000 1.000000
-0.669131 0.743145 0.000000 -0.000000 -0.743145 -0.669131 0.000000 10.000000 0.000000 0.000000 1.000000 0.000000 0.000000 0.000000 0.000000 1.000000
-0.809017 0.587785 0.000000 0.000000 -0.587785 -0.809017 0.000000 10.000000 0.000000 0.000000 1.000000 0.000000 0.000000 0.000000 0.000000 1.000000
-0.913545 0.406737 0.000000 -0.000000 -0.406737 -0.913545 0.000000 10.000000 0.000000 0.000000 1.000000 0.000000 0.000000 0.000000 0.000000 1.000000
-0.978148 0.207912 0.000000 0.000000 -0.207912 -0.978148 0.000000 10.000000 0.000000 0.000000 1.000000 0.000000 0.000000 0.000000 0.000000 1.000000
-1.000000 0.000000 0.000000 0.000000 -0.000000 -1.000000 0.000000 10.000000 0.000000 0.000000 1.000000 0.000000 0.000000 0.000000 0.000000 1.000000
-0.978148 -0.207912 0.000000 -0.000000 0.207912 -0.978148 0.000000 10.000000 0.000000 0.000000 1.000000 0.000000 0.000000 0.000000 0.000000 1.000000
-0.913545 -0.406737 0.000000 -0.000000 0.406737 -0.913545 0.000000 10.000000 0.000000 0.000000 1.000000 0.000000 0.000000 0.000000 0.000000 1.000000
-0.809017 -0.587785 0.000000 0.000000 0.587785 -0.809017 0.000000 10.000000 0.000000 0.000000 1.000000 0.000000 0.000000 0.000000 0.000000 1.000000
-0.669131 -0.743145 0.000000 -0.000000 0.743145 -0.669131 0.000000 10.000000 0.000000 0.000000 1.000000 0.000000 0.000000 0.000000 0.000000 1.000000
-0.500000 -0.866025 0.000000 0.000000 0.866025 -0.500000 0.000000 10.000000 0.000000 0.000000 1.000000 0.000000 0.000000 0.000000 0.000000 1.000000
-0.309017 -0.951057 0.000000 0.000000 0.951057 -0.309017 0.000000 10.000000 0.000000 0.000000 1.000000 0.000000 0.000000 0.000000 0.000000 1.000000
-0.104528 -0.994522 0.000000 0.000000 0.994522 -0.104528 0.000000 10.000000 0.000000 0.000000 1.000000 0.000000 0.000000 0.000000 0.000000 1.000000
0.104528 -0.994522 0.000000 0.000000 0.994522 0.104528 0.000000 10.000000 0.000000 0.000000 1.000000 0.000000 0.000000 0.000000 0.000000 1.000000
0.309017 -0.951057 0.000000 0.000000 0.951057 0.309017 0.000000 10.000000 0.000000 0.000000 1.000000 0.000000 0.000000 0.000000 0.000000 1.000000
0.500000 -0.866025 0.000000 0.000000 0.866025 0.500000 0.000000 10.000000 0.000000 0.000000 1.000000 0.000000 0.000000 0.000000 0.000000 1.000000
0.669131 -0.743145 0.000000 0.000000 0.743145 0.669131 0.000000 10.000000 0.000000 0.000000 1.000000 0.000000 0.000000 0.000000 0.000000 1.000000
0.809017 -0.587785 0.000000 0.000000 0.587785 0.809017 0.000000 10.000000 0.000000 0.000000 1.000000 0.000000 0.000000 0.000000 0.000000 1.000000
0.913545 -0.406737 0.000000 0.000000 0.406737 0.913545 0.000000 10.000000 0.000000 0.000000 1.000000 0.000000 0.000000 0.000000 0.000000 1.000000
0.978148 -0.207912 0.000000 0.000000 0.207912 0.978148 0.000000 10.000000 0.000000 0.000000 1.000000 0.000000 0.000000 0.000000 0.000000 1.000000
1.000000 -0.000000 0.000000 0.000000 0.000000 1.000000 0.000000 10.000000 0.000000 0.000000 1.000000 0.000000 0.000000 0.000000 0.000000 1.000000</float_array><technique_common><accessor source="#joint2-Matrix-animation-output-transform-array" count="61" stride="16"><param type="float4x4"/></accessor></technique_common></source><source id="joint2-Interpolations"><Name_array id="joint2-Interpolations-array" count="61">
 LINEAR LINEAR LINEAR LINEAR LINEAR LINEAR LINEAR LINEAR LINEAR LINEAR LINEAR
LINEAR LINEAR LINEAR LINEAR LINEAR LINEAR LINEAR LINEAR LINEAR LINEAR LINEAR LINEAR
LINEAR LINEAR LINEAR LINEAR LINEAR LINEAR LINEAR LINEAR LINEAR LINEAR LINEAR LINEAR
LINEAR LINEAR LINEAR LINEAR LINEAR LINEAR LINEAR LINEAR LINEAR LINEAR LINEAR LINEAR
LINEAR LINEAR LINEAR LINEAR LINEAR LINEAR LINEAR LINEAR LINEAR LINEAR LINEAR LINEAR
LINEAR LINEAR</Name_array><technique_common><accessor source="#joint2-Interpolations-array" count="61"><param type="name"/></accessor></technique_common></source><sampler id="joint2-Matrix-animation-transform"><input semantic="INPUT" source="#joint2-Matrix-animation-input"/><input semantic="OUTPUT" source="#joint2-Matrix-animation-output-transform"/><input semantic="INTERPOLATION" source="#joint2-Interpolations"/></sampler><channel source="#joint2-Matrix-animation-transform" target="joint2/matrix"/></animation><animation><source id="joint2-visibility-animation-input"><float_array id="joint2-visibility-animation-input-array" count="5">

0.000000 0.250000 0.500000 0.750000 1.000000</float_array><technique_common><accessor source="#joint2-visibility-animation-input-array" count="5"><param name="TIME" type="float"/></accessor></technique_common></source><source id="joint2-visibility-animation-output"><float_array id="joint2-visibility-animation-output-array" count="5">

1.000000 1.000000 1.000000 1.000000 1.000000</float_array><technique_common><accessor source="#joint2-visibility-animation-output-array" count="5"><param type="float"/></accessor></technique_common></source><source id="joint2-visibility-animation-intan"><float_array id="joint2-visibility-animation-intan-array" count="5">

0.000000 0.000000 0.000000 0.000000 0.000000</float_array><technique_common><accessor source="#joint2-visibility-animation-intan-array" count="5"><param type="float"/></accessor></technique_common></source><source id="joint2-visibility-animation-outtan"><float_array id="joint2-visibility-animation-outtan-array" count="5">

0.000000 0.000000 0.000000 0.000000 0.000000</float_array><technique_common><accessor source="#joint2-visibility-animation-outtan-array" count="5"><param type="float"/></accessor></technique_common></source><source id="joint2-visibility-animation-interpolation"><Name_array id="joint2-visibility-animation-interpolation-array" count="5">
 STEP STEP STEP STEP STEP</Name_array><technique_common><accessor source="#joint2-visibility-animation-interpolation-array" count="5"><param type="name"/></accessor></technique_common></source><sampler id="joint2-visibility-animation"><input semantic="INPUT" source="#joint2-visibility-animation-input"/><input semantic="OUTPUT" source="#joint2-visibility-animation-output"/><input semantic="IN_TANGENT" source="#joint2-visibility-animation-intan"/><input semantic="OUT_TANGENT" source="#joint2-visibility-animation-outtan"/><input semantic="INTERPOLATION" source="#joint2-visibility-animation-interpolation"/></sampler><channel source="#joint2-visibility-animation" target="joint2/visibility"/></animation></animation>
  </library_animations>
  <library_visual_scenes>
    <visual_scene id="s" name="s">
      <node name="joint1" id="joint1" sid="joint1" type="JOINT"><matrix sid="matrix">1.000000 0.000000 0.000000 0.000000 0.000000 1.000000 0.000000 0.000000 0.000000 0.000000 1.000000 0.000000 0.000000 0.000000 0.000000 1.000000</matrix><extra><technique profile="FCOLLADA"><visibility>1.000000</visibility></technique></extra><node name="joint2" id="joint2" sid="joint2" type="JOINT"><matrix sid="matrix">1.000000 0.000000 0.000000 0.000000 0.000000 1.000000 0.000000 10.000000 0.000000 0.000000 1.000000 0.000000 0.000000 0.000000 0.000000 1.000000</matrix><extra><technique profile="FCOLLADA"><visibility>1.000000</visibility></technique></extra><node name="joint3" id="joint3" sid="joint3" type="JOINT"><matrix sid="matrix">1.000000 0.000000 0.000000 5.000000 0.000000 1.000000 0.000000 0.000000 0.000000 0.000000 1.000000 0.000000 0.000000 0.000000 0.000000 1.000000</matrix><extra><technique profile="FCOLLADA"><visibility>1.000000</visibility></technique></extra></node></node></node>
      <extra><technique profile="MAX3D"><frame_rate>60.000000</frame_rate></technique><technique profile="FCOLLADA"><start_time>0.000000</start_time><end_time>1.000000</end_time></technique></extra>
    </visual_scene>
  </library_visual_scenes>
  <scene>
    <instance_visual_scene url="#s"></instance_visual_scene>
  </scene>
</COLLADA>
